[plc]
ip = 192.168.0.31
autoconnect = false

[param]
re_drehzahl_p = 0.200
re_drehzahl_i = 3.500
re_drehzahl_d = 0.001
re_drehmoment_p = 1.800
re_drehmoment_i = 0.050
re_drehmoment_d = 0.001

[lin]
linearisierung_m1_cw = [[0.0, 2.8127660751342773, 23.91412925720215, 34.597328186035156, 38.16733169555664, 44.913265228271484, 53.8504753112793, 65.17007446289062, 75.55205535888672, 89.19925689697266, 100.0], [0.0, 10.0, 20.0, 30.0, 40.0, 50.0, 60.0, 70.0, 80.0, 90.0, 100.0]]
linearisierung_m1_ccw = [[0.0, 0.0, 7.97075891494751, 19.125104904174805, 30.461122512817383, 41.57096862792969, 53.83700180053711, 64.41281127929688, 75.54257202148438, 86.52007293701172, 100.0], [0.0, 10.0, 20.0, 30.0, 40.0, 50.0, 60.0, 70.0, 80.0, 90.0, 100.0]]
linearisierung_m2_cw = [[0.0, 0.08749999850988388, 26.611522674560547, 37.17131423950195, 37.245506286621094, 45.401458740234375, 55.239784240722656, 64.79166412353516, 76.22549438476562, 76.16326141357422, 100.0], [0.0, 10.0, 20.0, 30.0, 40.0, 50.0, 60.0, 70.0, 80.0, 90.0, 100.0]]
linearisierung_m2_ccw = [[nan, nan, nan, nan, nan, nan, nan, nan, nan, nan, nan], [0.0, 10.0, 20.0, 30.0, 40.0, 50.0, 60.0, 70.0, 80.0, 90.0, 100.0]]

