[plc]
ip = 192.168.0.31
autoconnect = true

[param]
re_drehzahl_p = 0.200
re_drehzahl_i = 3.500
re_drehzahl_d = 0.001
re_drehmoment_p = 1.800
re_drehmoment_i = 0.050
re_drehmoment_d = 0.001

[lin]
linearisierung_m1_cw = [[0.0, 0.027094196528196335, 27.34375, 32.99492645263672, 37.158023834228516, 45.591182708740234, 54.6875, 65.13958740234375, 75.9599380493164, 88.09293365478516, 100.0], [0.0, 10.0, 20.0, 30.0, 40.0, 50.0, 60.0, 70.0, 80.0, 90.0, 100.0]]
linearisierung_m1_ccw = [[0.0, 0.0, 3.233349323272705, 16.967025756835938, 28.447444915771484, 39.9188117980957, 50.22701644897461, 63.169166564941406, 74.55770874023438, 85.75581359863281, 100.0], [0.0, 10.0, 20.0, 30.0, 40.0, 50.0, 60.0, 70.0, 80.0, 90.0, 100.0]]
linearisierung_m2_cw = [[0.0, 0.03365160524845123, 23.642333984375, 34.37385177612305, 38.15735626220703, 43.79971694946289, 53.917049407958984, 62.86097717285156, 74.76038360595703, 87.72258758544922, 100.0], [0.0, 10.0, 20.0, 30.0, 40.0, 50.0, 60.0, 70.0, 80.0, 90.0, 100.0]]
linearisierung_m2_ccw = [[0.0, 0.0, 6.279119968414307, 17.384401321411133, 28.62744903564453, 40.9345817565918, 51.55974197387695, 63.8484001159668, 75.06427001953125, 86.56126403808594, 100.0], [0.0, 10.0, 20.0, 30.0, 40.0, 50.0, 60.0, 70.0, 80.0, 90.0, 100.0]]

